# Created by Octave 5.2.0, Tue Oct 20 16:43:26 2020 IST <icecube@Tux>
# name: A
# type: matrix
# rows: 3
# columns: 2
 1 3
 3 4
 5 6


# name: a
# type: scalar
3.1415926535897931


# name: ans
# type: sq_string
# elements: 1
# length: 13
/home/icecube


# name: b
# type: sq_string
# elements: 1
# length: 2
fd


# name: c
# type: range
# base, limit, increment
1 5 1


# name: v
# type: matrix
# rows: 1
# columns: 4
 1 2 3 4


